   1 100   1   0  0.1064800E+02  0.2000000E+04
  CAR 
 unknown system                          
   0   0   0
   1   1
 256 256 256
 256
  0.1000000E-09
  0.6250000E-11
   1
  0.3000000E-14  0.1021150E-08  0.1021150E-08  0.1021150E-08
  0.1976243E+04  0.1978365E+04
  0.000
  0.000
  0.000
  0.000
  0.000
  0.000
  0.000
  0.000
  0.000
  0.000
  0.000
  0.000
  0.000
  0.000
  0.000
  0.000
  0.000
  0.000
  0.000
  0.000
  0.000
  0.000
  0.000
  0.000
  0.000
  0.000
  0.000
  0.000
  0.000
  0.000
  0.009
  0.071
  0.347
  1.059
  1.810
  2.623
  3.029
  2.915
  2.597
  2.330
  1.920
  1.561
  1.307
  1.124
  0.938
  0.772
  0.675
  0.613
  0.611
  0.627
  0.573
  0.584
  0.580
  0.596
  0.595
  0.634
  0.667
  0.744
  0.745
  0.833
  0.914
  0.950
  1.024
  1.038
  1.080
  1.113
  1.145
  1.229
  1.282
  1.311
  1.290
  1.302
  1.256
  1.277
  1.246
  1.189
  1.130
  1.034
  0.976
  0.921
  0.882
  0.820
  0.803
  0.800
  0.790
  0.790
  0.829
  0.828
  0.821
  0.868
  0.915
  0.900
  0.937
  0.977
  1.030
  1.061
  1.073
  1.130
  1.123
  1.142
  1.142
  1.138
  1.132
  1.110
  1.088
  1.061
  1.041
  1.027
  1.025
  0.995
  0.998
  0.972
  0.938
  0.956
  0.931
  0.929
  0.930
  0.917
  0.916
  0.923
  0.940
  0.935
  0.935
  0.926
  0.941
  0.975
  1.020
  1.029
  1.045
  1.050
  1.057
  1.087
  1.095
  1.065
  1.071
  1.055
  1.055
  1.052
  1.028
  1.031
  1.039
  1.027
  1.010
  0.986
  0.971
  0.950
  0.945
  0.928
  0.943
  0.939
  0.937
  0.927
  0.940
  0.951
  0.958
  0.963
  0.939
  0.965
  0.968
  0.959
  0.978
  0.967
  0.997
  0.998
  1.011
  0.992
  0.993
  1.000
  1.007
  0.998
  0.998
  1.003
  1.005
  0.989
  0.982
  0.966
  0.962
  0.962
  0.975
  0.953
  0.965
  0.959
  0.949
  0.967
  0.962
  0.969
  0.974
  0.974
  0.982
  0.992
  1.010
  1.017
  1.034
  1.045
  1.049
  1.059
  1.064
  1.057
  1.040
  1.040
  1.022
  1.014
  0.999
  0.992
  0.985
  0.977
  0.981
  0.988
  0.980
  0.980
  0.986
  0.987
  0.996
  0.985
  0.981
  0.981
  0.982
  0.978
  0.976
  0.968
  0.971
  0.974
  0.975
  0.965
  0.975
  0.966
  0.987
  0.986
  0.990
  0.976
  0.983
  0.974
  0.980
  0.968
  0.969
  0.972
  0.970
  0.964
  0.963
  0.964
  0.966
  0.970
  0.964
  0.957
  0.962
  0.964
  0.967
  0.977
  0.986
  0.999
  1.008
  1.018
  1.009
  1.012
  1.023
  1.019
