4.04093 2.02046 2.02046
8.08185 2.02046 2.02046
12.1228 2.02046 2.02046
16.1637 2.02046 2.02046
2.02046 4.04093 2.02046
6.06139 4.04093 2.02046
4.04093 6.06139 2.02046
10.1023 4.04093 2.02046
8.08185 6.06139 2.02046
14.1432 4.04093 2.02046
12.1228 6.06139 2.02046
18.1842 4.04093 2.02046
16.1637 6.06139 2.02046
2.02046 8.08185 2.02046
6.06139 8.08185 2.02046
4.04093 10.1023 2.02046
10.1023 8.08185 2.02046
8.08185 10.1023 2.02046
14.1432 8.08185 2.02046
12.1228 10.1023 2.02046
18.1842 8.08185 2.02046
16.1637 10.1023 2.02046
2.02046 12.1228 2.02046
6.06139 12.1228 2.02046
4.04093 14.1432 2.02046
10.1023 12.1228 2.02046
8.08185 14.1432 2.02046
14.1432 12.1228 2.02046
12.1228 14.1432 2.02046
18.1842 12.1228 2.02046
16.1637 14.1432 2.02046
2.02046 16.1637 2.02046
6.06139 16.1637 2.02046
4.04093 18.1842 2.02046
10.1023 16.1637 2.02046
8.08185 18.1842 2.02046
14.1432 16.1637 2.02046
12.1228 18.1842 2.02046
18.1842 16.1637 2.02046
16.1637 18.1842 2.02046
2.02046 2.02046 4.04093
6.06139 2.02046 4.04093
4.04093 2.02046 6.06139
10.1023 2.02046 4.04093
8.08185 2.02046 6.06139
14.1432 2.02046 4.04093
12.1228 2.02046 6.06139
18.1842 2.02046 4.04093
16.1637 2.02046 6.06139
2.02046 6.06139 4.04093
2.02046 4.04093 6.06139
4.04093 4.04093 4.04093
6.06139 6.06139 4.04093
6.06139 4.04093 6.06139
4.04093 6.06139 6.06139
8.08185 4.04093 4.04093
10.1023 6.06139 4.04093
10.1023 4.04093 6.06139
8.08185 6.06139 6.06139
12.1228 4.04093 4.04093
14.1432 6.06139 4.04093
14.1432 4.04093 6.06139
12.1228 6.06139 6.06139
16.1637 4.04093 4.04093
18.1842 6.06139 4.04093
18.1842 4.04093 6.06139
16.1637 6.06139 6.06139
2.02046 10.1023 4.04093
2.02046 8.08185 6.06139
4.04093 8.08185 4.04093
6.06139 10.1023 4.04093
6.06139 8.08185 6.06139
4.04093 10.1023 6.06139
8.08185 8.08185 4.04093
10.1023 10.1023 4.04093
10.1023 8.08185 6.06139
8.08185 10.1023 6.06139
12.1228 8.08185 4.04093
14.1432 10.1023 4.04093
14.1432 8.08185 6.06139
12.1228 10.1023 6.06139
16.1637 8.08185 4.04093
18.1842 10.1023 4.04093
18.1842 8.08185 6.06139
16.1637 10.1023 6.06139
2.02046 14.1432 4.04093
2.02046 12.1228 6.06139
4.04093 12.1228 4.04093
6.06139 14.1432 4.04093
6.06139 12.1228 6.06139
4.04093 14.1432 6.06139
8.08185 12.1228 4.04093
10.1023 14.1432 4.04093
10.1023 12.1228 6.06139
8.08185 14.1432 6.06139
12.1228 12.1228 4.04093
14.1432 14.1432 4.04093
14.1432 12.1228 6.06139
12.1228 14.1432 6.06139
16.1637 12.1228 4.04093
18.1842 14.1432 4.04093
18.1842 12.1228 6.06139
16.1637 14.1432 6.06139
2.02046 18.1842 4.04093
2.02046 16.1637 6.06139
4.04093 16.1637 4.04093
6.06139 18.1842 4.04093
6.06139 16.1637 6.06139
4.04093 18.1842 6.06139
8.08185 16.1637 4.04093
10.1023 18.1842 4.04093
10.1023 16.1637 6.06139
8.08185 18.1842 6.06139
12.1228 16.1637 4.04093
14.1432 18.1842 4.04093
14.1432 16.1637 6.06139
12.1228 18.1842 6.06139
16.1637 16.1637 4.04093
18.1842 18.1842 4.04093
18.1842 16.1637 6.06139
16.1637 18.1842 6.06139
2.02046 2.02046 8.08185
6.06139 2.02046 8.08185
4.04093 2.02046 10.1023
10.1023 2.02046 8.08185
8.08185 2.02046 10.1023
14.1432 2.02046 8.08185
12.1228 2.02046 10.1023
18.1842 2.02046 8.08185
16.1637 2.02046 10.1023
2.02046 6.06139 8.08185
2.02046 4.04093 10.1023
4.04093 4.04093 8.08185
6.06139 6.06139 8.08185
6.06139 4.04093 10.1023
4.04093 6.06139 10.1023
8.08185 4.04093 8.08185
10.1023 6.06139 8.08185
10.1023 4.04093 10.1023
8.08185 6.06139 10.1023
12.1228 4.04093 8.08185
14.1432 6.06139 8.08185
14.1432 4.04093 10.1023
12.1228 6.06139 10.1023
16.1637 4.04093 8.08185
18.1842 6.06139 8.08185
18.1842 4.04093 10.1023
16.1637 6.06139 10.1023
2.02046 10.1023 8.08185
2.02046 8.08185 10.1023
4.04093 8.08185 8.08185
6.06139 10.1023 8.08185
6.06139 8.08185 10.1023
4.04093 10.1023 10.1023
8.08185 8.08185 8.08185
10.1023 10.1023 8.08185
10.1023 8.08185 10.1023
8.08185 10.1023 10.1023
12.1228 8.08185 8.08185
14.1432 10.1023 8.08185
14.1432 8.08185 10.1023
12.1228 10.1023 10.1023
16.1637 8.08185 8.08185
18.1842 10.1023 8.08185
18.1842 8.08185 10.1023
16.1637 10.1023 10.1023
2.02046 14.1432 8.08185
2.02046 12.1228 10.1023
4.04093 12.1228 8.08185
6.06139 14.1432 8.08185
6.06139 12.1228 10.1023
4.04093 14.1432 10.1023
8.08185 12.1228 8.08185
10.1023 14.1432 8.08185
10.1023 12.1228 10.1023
8.08185 14.1432 10.1023
12.1228 12.1228 8.08185
14.1432 14.1432 8.08185
14.1432 12.1228 10.1023
12.1228 14.1432 10.1023
16.1637 12.1228 8.08185
18.1842 14.1432 8.08185
18.1842 12.1228 10.1023
16.1637 14.1432 10.1023
2.02046 18.1842 8.08185
2.02046 16.1637 10.1023
4.04093 16.1637 8.08185
6.06139 18.1842 8.08185
6.06139 16.1637 10.1023
4.04093 18.1842 10.1023
8.08185 16.1637 8.08185
10.1023 18.1842 8.08185
10.1023 16.1637 10.1023
8.08185 18.1842 10.1023
12.1228 16.1637 8.08185
14.1432 18.1842 8.08185
14.1432 16.1637 10.1023
12.1228 18.1842 10.1023
16.1637 16.1637 8.08185
18.1842 18.1842 8.08185
18.1842 16.1637 10.1023
16.1637 18.1842 10.1023
2.02046 2.02046 12.1228
6.06139 2.02046 12.1228
4.04093 2.02046 14.1432
10.1023 2.02046 12.1228
8.08185 2.02046 14.1432
14.1432 2.02046 12.1228
12.1228 2.02046 14.1432
18.1842 2.02046 12.1228
16.1637 2.02046 14.1432
2.02046 6.06139 12.1228
2.02046 4.04093 14.1432
4.04093 4.04093 12.1228
6.06139 6.06139 12.1228
6.06139 4.04093 14.1432
4.04093 6.06139 14.1432
8.08185 4.04093 12.1228
10.1023 6.06139 12.1228
10.1023 4.04093 14.1432
8.08185 6.06139 14.1432
12.1228 4.04093 12.1228
14.1432 6.06139 12.1228
14.1432 4.04093 14.1432
12.1228 6.06139 14.1432
16.1637 4.04093 12.1228
18.1842 6.06139 12.1228
18.1842 4.04093 14.1432
16.1637 6.06139 14.1432
2.02046 10.1023 12.1228
2.02046 8.08185 14.1432
4.04093 8.08185 12.1228
6.06139 10.1023 12.1228
6.06139 8.08185 14.1432
4.04093 10.1023 14.1432
8.08185 8.08185 12.1228
10.1023 10.1023 12.1228
10.1023 8.08185 14.1432
8.08185 10.1023 14.1432
12.1228 8.08185 12.1228
14.1432 10.1023 12.1228
14.1432 8.08185 14.1432
12.1228 10.1023 14.1432
16.1637 8.08185 12.1228
18.1842 10.1023 12.1228
18.1842 8.08185 14.1432
16.1637 10.1023 14.1432
2.02046 14.1432 12.1228
2.02046 12.1228 14.1432
4.04093 12.1228 12.1228
6.06139 14.1432 12.1228
6.06139 12.1228 14.1432
4.04093 14.1432 14.1432
8.08185 12.1228 12.1228
10.1023 14.1432 12.1228
10.1023 12.1228 14.1432
8.08185 14.1432 14.1432
12.1228 12.1228 12.1228
14.1432 14.1432 12.1228
14.1432 12.1228 14.1432
12.1228 14.1432 14.1432
16.1637 12.1228 12.1228
18.1842 14.1432 12.1228
18.1842 12.1228 14.1432
16.1637 14.1432 14.1432
2.02046 18.1842 12.1228
2.02046 16.1637 14.1432
4.04093 16.1637 12.1228
6.06139 18.1842 12.1228
6.06139 16.1637 14.1432
4.04093 18.1842 14.1432
8.08185 16.1637 12.1228
10.1023 18.1842 12.1228
10.1023 16.1637 14.1432
8.08185 18.1842 14.1432
12.1228 16.1637 12.1228
14.1432 18.1842 12.1228
14.1432 16.1637 14.1432
12.1228 18.1842 14.1432
16.1637 16.1637 12.1228
18.1842 18.1842 12.1228
18.1842 16.1637 14.1432
16.1637 18.1842 14.1432
2.02046 2.02046 16.1637
6.06139 2.02046 16.1637
4.04093 2.02046 18.1842
10.1023 2.02046 16.1637
8.08185 2.02046 18.1842
14.1432 2.02046 16.1637
12.1228 2.02046 18.1842
18.1842 2.02046 16.1637
16.1637 2.02046 18.1842
2.02046 6.06139 16.1637
2.02046 4.04093 18.1842
4.04093 4.04093 16.1637
6.06139 6.06139 16.1637
6.06139 4.04093 18.1842
4.04093 6.06139 18.1842
8.08185 4.04093 16.1637
10.1023 6.06139 16.1637
10.1023 4.04093 18.1842
8.08185 6.06139 18.1842
12.1228 4.04093 16.1637
14.1432 6.06139 16.1637
14.1432 4.04093 18.1842
12.1228 6.06139 18.1842
16.1637 4.04093 16.1637
18.1842 6.06139 16.1637
18.1842 4.04093 18.1842
16.1637 6.06139 18.1842
2.02046 10.1023 16.1637
2.02046 8.08185 18.1842
4.04093 8.08185 16.1637
6.06139 10.1023 16.1637
6.06139 8.08185 18.1842
4.04093 10.1023 18.1842
8.08185 8.08185 16.1637
10.1023 10.1023 16.1637
10.1023 8.08185 18.1842
8.08185 10.1023 18.1842
12.1228 8.08185 16.1637
14.1432 10.1023 16.1637
14.1432 8.08185 18.1842
12.1228 10.1023 18.1842
16.1637 8.08185 16.1637
18.1842 10.1023 16.1637
18.1842 8.08185 18.1842
16.1637 10.1023 18.1842
2.02046 14.1432 16.1637
2.02046 12.1228 18.1842
4.04093 12.1228 16.1637
6.06139 14.1432 16.1637
6.06139 12.1228 18.1842
4.04093 14.1432 18.1842
8.08185 12.1228 16.1637
10.1023 14.1432 16.1637
10.1023 12.1228 18.1842
8.08185 14.1432 18.1842
12.1228 12.1228 16.1637
14.1432 14.1432 16.1637
14.1432 12.1228 18.1842
12.1228 14.1432 18.1842
16.1637 12.1228 16.1637
18.1842 14.1432 16.1637
18.1842 12.1228 18.1842
16.1637 14.1432 18.1842
2.02046 18.1842 16.1637
2.02046 16.1637 18.1842
4.04093 16.1637 16.1637
6.06139 18.1842 16.1637
6.06139 16.1637 18.1842
4.04093 18.1842 18.1842
8.08185 16.1637 16.1637
10.1023 18.1842 16.1637
10.1023 16.1637 18.1842
8.08185 18.1842 18.1842
12.1228 16.1637 16.1637
14.1432 18.1842 16.1637
14.1432 16.1637 18.1842
12.1228 18.1842 18.1842
16.1637 16.1637 16.1637
18.1842 18.1842 16.1637
18.1842 16.1637 18.1842
16.1637 18.1842 18.1842
