0.0 4.0 0.0
0.0 4.0 4.0
0.0 4.0 8.0
0.0 4.0 12.0
0.0 4.0 16.0
0.0 8.0 0.0
0.0 8.0 4.0
0.0 8.0 8.0
0.0 8.0 12.0
0.0 8.0 16.0
0.0 12.0 0.0
0.0 12.0 4.0
0.0 12.0 8.0
0.0 12.0 12.0
0.0 12.0 16.0
0.0 16.0 0.0
0.0 16.0 4.0
0.0 16.0 8.0
0.0 16.0 12.0
0.0 16.0 16.0
4.0 4.0 0.0
4.0 4.0 4.0
4.0 4.0 8.0
4.0 4.0 12.0
4.0 4.0 16.0
4.0 8.0 0.0
4.0 8.0 4.0
4.0 8.0 8.0
4.0 8.0 12.0
4.0 8.0 16.0
4.0 12.0 0.0
4.0 12.0 4.0
4.0 12.0 8.0
4.0 12.0 12.0
4.0 12.0 16.0
4.0 16.0 0.0
4.0 16.0 4.0
4.0 16.0 8.0
4.0 16.0 12.0
4.0 16.0 16.0
8.0 4.0 0.0
8.0 4.0 4.0
8.0 4.0 8.0
8.0 4.0 12.0
8.0 4.0 16.0
8.0 8.0 0.0
8.0 8.0 4.0
8.0 8.0 8.0
8.0 8.0 12.0
8.0 8.0 16.0
8.0 12.0 0.0
8.0 12.0 4.0
8.0 12.0 8.0
8.0 12.0 12.0
8.0 12.0 16.0
8.0 16.0 0.0
8.0 16.0 4.0
8.0 16.0 8.0
8.0 16.0 12.0
8.0 16.0 16.0
12.0 4.0 0.0
12.0 4.0 4.0
12.0 4.0 8.0
12.0 4.0 12.0
12.0 4.0 16.0
12.0 8.0 0.0
12.0 8.0 4.0
12.0 8.0 8.0
12.0 8.0 12.0
12.0 8.0 16.0
12.0 12.0 0.0
12.0 12.0 4.0
12.0 12.0 8.0
12.0 12.0 12.0
12.0 12.0 16.0
12.0 16.0 0.0
12.0 16.0 4.0
12.0 16.0 8.0
12.0 16.0 12.0
12.0 16.0 16.0
16.0 4.0 0.0
16.0 4.0 4.0
16.0 4.0 8.0
16.0 4.0 12.0
16.0 4.0 16.0
16.0 8.0 0.0
16.0 8.0 4.0
16.0 8.0 8.0
16.0 8.0 12.0
16.0 8.0 16.0
16.0 12.0 0.0
16.0 12.0 4.0
16.0 12.0 8.0
16.0 12.0 12.0
16.0 12.0 16.0
16.0 16.0 0.0
16.0 16.0 4.0
16.0 16.0 8.0
16.0 16.0 12.0
16.0 16.0 16.0
