5.3473961071 7.9567652205 10.4217211394
13.0318087835 8.4031825081 7.9639724414
14.667810666 2.8834954768 4.9720664676
6.9324431455 0.3233901338 11.7727181147
2.9504324643 7.2472157737 1.6034277587
2.8490508706 15.7913013417 13.7247143402
6.3865237429 4.1392066733 7.7623309959
3.0949810656 9.8248268311 11.4668098379
10.6113630539 12.7314707035 9.1503974907
13.6054378532 8.3009558197 10.6760175884
13.5524553849 5.7611536128 1.1474088885
16.115887487 15.9610351001 15.0177042737
4.7665433537 5.5236067637 3.4790897601
15.7968927725 7.6443007783 9.0743986764
1.2915329829 14.2973928035 15.292924588
2.389118748 5.5022032322 16.4811923758
14.3928607478 16.5245557399 0.2082857785
13.7480382385 6.0367848785 12.0626990036
1.0493106348 6.2503685074 9.746547849
11.2125389771 5.8882675505 13.3656918973
9.7930717007 3.6105679558 15.0682851009
16.1612339313 9.6550951345 1.1704645689
12.8896941668 12.2311884876 14.507874474
6.9873024299 1.2125734456 6.8573756043
14.6490159947 6.1196454374 14.6675412555
12.1295217491 6.0816172918 15.9179499394
13.1857041644 1.4132631741 7.3766513617
2.9914607119 6.9553061552 11.6551936558
0.366946834 14.9567722409 12.7735868828
8.1992445245 2.5135077533 12.9558952685
4.0753931033 0.476505304 4.6637907005
9.0998228949 11.0629768213 3.340649236
12.8809000023 3.6121967931 15.104524063
10.3092962112 8.8580229841 4.4249546639
2.6914545559 11.1490149274 7.1713485462
13.1347066936 0.8363929279 12.1360389376
14.70187673 15.0455416241 7.7363860204
11.7836505078 6.5879512239 3.1057473072
4.6394281938 16.7582331459 7.6882019116
6.9820752345 4.4756673836 14.6497495643
8.4845775595 3.9700745663 5.868997054
16.6912771448 4.9497156996 5.1272798264
9.2766658053 4.0310927292 8.4109224491
12.5334706805 10.91800848 6.7004511082
8.1339568821 15.9756967984 5.4454512248
7.4555454389 6.2369015725 2.6942975326
13.1646642831 13.9411196022 1.1040382163
12.0747803387 3.5692677538 8.985188466
10.1755637987 2.692728646 4.0900840599
16.2867529656 7.99397996 15.586789246
7.9682216519 8.2624860467 11.6054338254
8.5176346231 13.5019891459 4.3491602622
0.215639039 12.6104664754 6.0343428861
11.6508506128 11.9484108507 2.2382495678
8.9393514421 8.566857963 2.0488889073
0.4469929195 14.3856948901 7.9711100927
13.2633481992 11.0966170762 9.4033968069
7.543890651 6.2787348119 9.9840217187
10.5806623697 15.8662355767 0.7345297894
13.0816389049 15.8175603178 2.8700706025
4.2662942702 16.8593541035 11.2802262409
1.8111599456 6.1914112017 3.8043773927
1.8095262018 16.107139955 3.3933437073
10.673910045 10.0221225007 8.9690854742
15.9130251938 15.7103419172 2.8388419289
0.2725737951 11.7739602332 16.0873932816
4.2130273161 10.1833092697 2.510177056
13.8859796388 8.2349729535 0.0208813944
6.6717192154 5.7545548651 5.3891262118
12.5182016212 3.8425093431 2.8419356631
6.9603531808 9.8349045578 13.6064376793
2.9560608749 4.3296898622 1.7565793949
8.8971902806 0.9656425965 15.0130428496
0.6020934457 3.9567697662 8.3241054735
14.3634483585 1.1667608061 2.7122307803
11.371310885 3.7978097009 0.4534154972
14.3643501245 16.5859154552 5.5137052285
11.3358297886 16.3337835428 13.6287634103
4.0070948944 3.5198031619 15.6094792952
5.3662102503 12.3767767802 7.8974006723
0.8156491148 13.5162492394 3.4534492934
3.0883119585 11.9610628705 15.7362532919
10.7096077474 14.3802325243 2.9362423512
6.2150254083 14.8838451695 6.7955972285
10.8819768431 8.5139542456 16.0561555398
13.84251511 0.7146464443 14.7664085679
14.4540585996 2.4429991908 10.0030331536
1.1729891701 4.8745569539 12.242474595
12.2097416114 10.9787035602 16.8102271229
12.8939483916 8.0424186936 5.1414623482
15.6176506801 5.0245173094 10.2801832917
14.7983920214 12.3327918323 7.7500967331
8.5123374369 5.4662257288 12.5410315404
8.8504346372 13.2843400174 11.5226548065
2.6341411648 2.4049780627 11.8159269409
4.9334125454 14.4099408997 9.4147027172
9.9704069328 3.386805209 10.9135157515
7.0557769801 7.3183022771 14.2419614977
14.7910825366 3.7092376165 7.5485039363
2.8907761069 1.5787844036 2.3674263534
8.1659657893 9.3459769791 15.8958738585
12.4734166238 1.3542564557 4.6476255247
1.6711946984 3.1457853942 14.5940069902
6.27932405 1.8251482176 15.1573225674
9.7315106318 10.7210412543 6.4767806147
10.4246830654 8.0886766603 6.9029046405
7.3945565359 12.0487050348 6.1346988868
14.7395262125 6.5875397241 6.7290904579
0.5451017419 10.7229724425 11.9550222643
16.6229416069 9.6224723718 7.4245726201
11.7076258642 15.4473384122 5.4104870574
16.5542208813 11.1108691441 3.3950425119
10.3784937576 13.6998845478 13.9679854426
12.5540250239 3.5986022249 11.6475028046
11.8644081068 1.1289160885 1.7719796529
16.4490143093 1.5760153191 15.9757107899
1.9649957735 11.2847291862 1.299074505
6.6192857842 14.7743745705 11.6367006178
0.5154976974 6.7569462448 7.1368628531
16.6110390718 1.1059070488 4.7084412374
6.8810079136 10.3970601395 1.3515507592
14.3522067635 8.1574085407 2.6770779174
16.1212969487 13.0156221264 1.5236134385
4.6915269367 12.1766689375 0.9312464472
1.7775589513 8.6808771503 5.9009940161
2.8288823757 14.494081145 11.3652784066
0.441351136 11.9546678379 8.9529062481
10.25676701 16.9719311524 3.5764433339
11.6311827051 12.7040988467 11.6606626548
7.836486991 1.5196877272 4.2353268418
16.7620590967 15.3331164942 5.387932696
11.0970264353 12.3949996255 4.9540268454
1.2272829752 2.8834342735 6.0759424553
14.1562233348 11.3827177764 12.1124458116
5.8444851899 14.8424790277 4.1187476639
10.4766941259 13.2502575445 16.4453948716
6.3271062103 14.1840259402 1.1372518182
9.2844239766 6.268868247 4.6554890328
3.786820529 7.9844647272 4.3119232599
1.4302776053 0.0227606462 10.9830724822
11.7305576842 8.8382961756 1.7079416411
1.3999283333 8.9797748157 2.9535486624
15.3037160104 4.2771597554 16.5286484167
5.6372655341 15.9872001923 14.280710097
11.7351053927 15.9494067486 8.1841284271
8.6673919849 13.2893853952 1.4382926471
7.8433539469 13.5064352298 9.0042044142
6.0272010999 0.4223435746 2.7824847919
4.6857159842 8.2854587038 13.164257425
11.3726114898 1.0831242582 9.7626072707
4.4300294118 10.0293780369 9.0886351626
14.9086210285 13.5318502643 16.1394914847
8.4079641769 6.4485070068 7.5147112311
9.0182806762 10.9217031141 12.285105512
3.3912322693 3.187245055 4.3468485297
13.9042619785 2.1022792823 0.2642117488
9.5320285821 14.2666013566 7.0715446693
2.2823776084 14.1421887938 1.0350869129
12.7204505393 10.3290688055 4.0147761175
1.8931389095 0.2465673852 6.1946740425
11.4287709205 15.4183786023 10.7542281082
16.1199674261 12.9090716599 11.2407108706
0.7350787035 3.4225281626 0.2291785096
9.6107458793 10.7274841613 0.4769192024
4.6523640377 6.1525885173 15.0789944599
0.3100425687 2.7382141244 10.7082877309
4.1365583747 2.3294873704 6.899650082
15.4917774951 3.5592231543 2.0536667969
8.2485142324 4.5979025253 0.2306733163
2.0724809811 12.653778008 12.930807231
6.4141923556 12.22141976 3.3628353388
16.2986144689 12.7557972761 13.8264793143
0.1321267904 1.0904296424 1.8386230546
6.9122683568 3.7065963843 10.5242272386
11.503594506 0.9173316106 15.9459403485
8.4301712822 15.5824135304 13.5548288541
11.4758817496 10.0059994927 11.4894808612
7.2909596253 7.1708142911 0.0868745171
15.790478 10.2212768725 13.9037355005
2.4029833388 1.6992356603 9.0483416429
5.5155660001 7.8059155079 2.0302794075
9.2745248675 15.8584993954 9.163538824
12.2057208568 13.4111861953 7.3141008927
3.0414536592 12.2399076181 9.5682400436
10.4021844948 10.8968109163 14.5547518997
3.5874492035 4.6248808105 13.0789356863
5.7895097194 6.7789785917 7.7704082261
10.0002232998 8.4168618225 13.4803650313
2.4023107335 15.8746517328 8.7950002583
13.4980439663 13.8574853307 9.9885524672
3.2197352768 7.5895972644 8.7899946402
14.9905421131 10.3039582717 5.5777853302
4.8620251067 11.3136201589 5.2715793004
15.8452946878 0.5709714857 11.8151931747
14.1689624851 11.0989019989 1.9176803201
13.3672785864 5.7825419785 8.8901337051
5.3547619929 1.7565414145 9.3618837765
5.7884214255 5.7933044769 12.1285117234
5.2119940985 5.3181659684 0.5970649729
6.8896410747 3.7071732136 2.7080957533
11.1443983303 2.2088659026 13.2950351337
15.6355854673 10.0545015179 10.0519726912
2.3324798732 11.2339564062 4.6071097285
4.2628509105 14.5977827664 16.0519916097
0.1571913482 15.5690568355 0.5745902866
0.9719884843 3.5764975659 3.2232693899
8.3363805592 1.5785943836 9.3755428404
1.6836662277 9.8536412931 14.214397668
16.2762987799 15.3228872407 10.2471732382
6.7710593522 16.3691080036 9.2040736302
8.2388267983 15.2970007323 16.409911382
12.3378636919 15.1141606049 15.7961087697
9.2822890235 6.2376061417 15.2368093383
14.288242736 5.5670334073 3.9900381693
14.7196651492 10.7821359688 16.1711958666
1.2881587757 9.3089011251 9.6949507492
10.1533373617 6.5538940403 0.9046676098
1.579192611 8.8982603406 16.9484366197
8.2266468274 15.8372207673 2.5654395728
9.7157633237 4.6819220748 2.5857356401
16.248202916 7.778320192 4.6413696044
9.5421419298 0.4698486977 11.7721942672
4.3681449008 8.9823022112 6.7022327853
6.0475406169 16.7240349747 16.9158723416
0.644969627 0.8463373521 13.7678889637
3.8260786304 1.3620765707 13.8526418968
4.2061814804 10.8803751045 13.6307388684
13.7976439059 16.6993632624 9.7820352933
5.9490480656 3.1068202582 4.9937627065
0.2109544053 5.3920496474 15.0517937257
4.6945507504 13.6314238101 13.284727843
5.4394633261 2.6586186946 12.2323966942
2.3186748531 7.2164838201 14.3127595257
3.7713967821 13.1263217671 3.1119192205
4.2508830049 15.7033222339 1.8088792178
5.2928556882 2.4415860156 0.9657956416
14.1838786887 14.8347080426 12.8295855175
11.8828574899 4.8937400824 5.9754809147
14.1865835233 13.2723845024 4.3543678549
3.2968189398 5.4487166929 6.4227456713
4.0355459798 4.6485239085 9.6468553103
8.6105112853 1.7089625403 1.2058292003
16.4254802973 0.5903827367 7.9751215941
3.1267605131 14.3630082218 5.9563944657
16.8487114776 6.2996725041 1.508633397
15.2826333129 3.2497707377 13.2156162233
13.1638823792 8.7206526702 14.0118770096
16.5090944343 7.5638531011 12.2977862132
10.7906598504 6.7685140772 10.182439911
7.0679591166 8.9909974635 4.8635549859
7.371486018 12.5988314091 15.2555188107
10.146569222 1.229274872 6.804170445
6.0383146931 11.6856970335 11.1707152087
4.6135138866 9.1854740712 16.2808294482
7.5357011974 9.5667542435 8.7073494615
2.4734790442 0.5026892322 16.5257005655
