   1 100   1   0  0.1064800E+02  0.2000000E+04
  CAR 
 unknown system                          
   0   0   0
   1   1
 256 256 256
 256
  0.1000000E-09
  0.6250000E-11
   1
  0.3000000E-14  0.1021150E-08  0.1021150E-08  0.1021150E-08
  0.1955091E+04  0.8030021E+03
  0.000
  0.000
  0.000
  0.000
  0.000
  0.000
  0.000
  0.000
  0.000
  0.000
  0.000
  0.000
  0.000
  0.000
  0.000
  0.000
  0.000
  0.000
  0.000
  0.000
  0.000
  0.000
  0.000
  0.000
  0.000
  0.000
  0.000
  0.000
  0.002
  0.003
  0.019
  0.089
  1.131
  1.554
  2.183
  2.402
  2.626
  2.565
  2.362
  1.998
  1.558
  1.258
  1.057
  0.910
  0.889
  0.866
  1.326
  0.782
  0.705
  0.630
  0.661
  0.631
  0.674
  0.684
  0.695
  0.718
  0.953
  0.792
  0.776
  0.801
  0.815
  0.842
  0.856
  0.873
  0.979
  1.275
  1.098
  1.101
  1.104
  1.135
  1.170
  1.214
  1.326
  1.585
  1.171
  1.158
  1.091
  1.025
  0.987
  1.072
  1.239
  0.902
  0.865
  0.809
  0.815
  0.811
  0.779
  0.783
  0.815
  0.834
  0.834
  0.865
  1.019
  0.916
  0.899
  0.923
  0.978
  1.113
  1.297
  1.080
  1.070
  1.066
  1.129
  1.309
  1.069
  1.071
  1.022
  1.028
  1.198
  0.985
  0.958
  0.942
  0.934
  0.993
  0.915
  0.891
  0.905
  1.039
  0.934
  0.921
  0.915
  0.977
  1.205
  0.952
  0.933
  0.913
  0.894
  0.908
  0.939
  0.965
  1.024
  0.970
  0.988
  0.990
  1.237
  1.077
  1.053
  1.048
  1.208
  1.046
  1.017
  1.027
  1.094
  0.985
  0.984
  0.991
  1.042
  0.959
  0.942
  1.118
  0.949
  0.910
  0.899
  0.954
  0.872
  0.859
  0.860
  0.851
  0.864
  0.901
  0.982
  0.926
  0.941
  1.021
  0.965
  0.986
  1.249
  1.041
  1.000
  1.086
  0.995
  0.973
  0.958
  0.956
  0.966
  1.122
  1.041
  0.970
  1.054
  1.005
  0.935
  0.912
  0.913
  0.913
  0.940
  0.912
  0.918
  1.046
  0.949
  0.958
  1.080
  0.977
  0.989
  1.109
  0.998
  1.021
  1.064
  1.004
  1.053
  0.996
  0.998
  1.148
  0.974
  0.954
  0.937
  0.948
  1.009
  0.988
  1.024
  1.200
  1.004
  1.088
  0.983
  0.955
  0.991
  0.948
  0.975
  0.941
  0.955
  1.060
  0.928
  0.999
  0.922
  0.902
  0.902
  0.889
  0.910
  0.908
  1.011
  0.956
  0.990
  1.064
  0.964
  1.057
  0.964
  1.001
  0.962
  1.056
  0.993
  0.981
  1.084
  0.943
  0.929
  0.931
  1.011
  0.955
  0.998
  0.941
  0.968
  0.949
  1.019
  0.990
  0.954
  0.948
  0.970
  1.075
