1.000000002 1.000000002 1.000000002
4.999999998 4.999999998 1.000000002
4.999999998 1.000000002 4.999999998
1.000000002 4.999999998 4.999999998
1.000000002 1.000000002 1.999999998
4.999999998 4.999999998 1.999999998
4.999999998 1.000000002 4.000000002
1.000000002 4.999999998 4.000000002
1.999999998 1.000000002 1.000000002
1.999999998 4.999999998 4.999999998
4.000000002 4.999999998 1.000000002
4.000000002 1.000000002 4.999999998
1.000000002 1.999999998 1.000000002
4.999999998 1.999999998 4.999999998
1.000000002 4.000000002 4.999999998
4.999999998 4.000000002 1.000000002
1.000000002 1.000000002 3.0
4.999999998 4.999999998 3.0
4.999999998 1.000000002 3.0
1.000000002 4.999999998 3.0
3.0 1.000000002 1.000000002
3.0 4.999999998 4.999999998
3.0 4.999999998 1.000000002
3.0 1.000000002 4.999999998
1.000000002 3.0 1.000000002
4.999999998 3.0 4.999999998
1.000000002 3.0 4.999999998
4.999999998 3.0 1.000000002
1.000000002 1.000000002 4.000000002
4.999999998 4.999999998 4.000000002
4.999999998 1.000000002 1.999999998
1.000000002 4.999999998 1.999999998
4.000000002 1.000000002 1.000000002
4.000000002 4.999999998 4.999999998
1.999999998 4.999999998 1.000000002
1.999999998 1.000000002 4.999999998
1.000000002 4.000000002 1.000000002
4.999999998 4.000000002 4.999999998
1.000000002 1.999999998 4.999999998
4.999999998 1.999999998 1.000000002
1.000000002 1.000000002 4.999999998
4.999999998 4.999999998 4.999999998
4.999999998 1.000000002 1.000000002
1.000000002 4.999999998 1.000000002
1.000000002 1.999999998 1.999999998
4.999999998 4.000000002 1.999999998
4.999999998 1.999999998 4.000000002
1.000000002 4.000000002 4.000000002
1.999999998 1.000000002 1.999999998
1.999999998 4.999999998 4.000000002
4.000000002 4.999999998 1.999999998
4.000000002 1.000000002 4.000000002
1.999999998 1.999999998 1.000000002
4.000000002 1.999999998 4.999999998
1.999999998 4.000000002 4.999999998
4.000000002 4.000000002 1.000000002
1.000000002 1.999999998 3.0
4.999999998 4.000000002 3.0
4.999999998 1.999999998 3.0
1.000000002 4.000000002 3.0
3.0 1.000000002 1.999999998
3.0 4.999999998 4.000000002
3.0 4.999999998 1.999999998
3.0 1.000000002 4.000000002
1.999999998 3.0 1.000000002
4.000000002 3.0 4.999999998
1.999999998 3.0 4.999999998
4.000000002 3.0 1.000000002
1.000000002 1.999999998 4.000000002
4.999999998 4.000000002 4.000000002
4.999999998 1.999999998 1.999999998
1.000000002 4.000000002 1.999999998
4.000000002 1.000000002 1.999999998
4.000000002 4.999999998 4.000000002
1.999999998 4.999999998 1.999999998
1.999999998 1.000000002 4.000000002
1.999999998 4.000000002 1.000000002
4.000000002 4.000000002 4.999999998
1.999999998 1.999999998 4.999999998
4.000000002 1.999999998 1.000000002
1.000000002 3.0 1.999999998
4.999999998 3.0 1.999999998
4.999999998 3.0 4.000000002
1.000000002 3.0 4.000000002
1.999999998 1.000000002 3.0
1.999999998 4.999999998 3.0
4.000000002 4.999999998 3.0
4.000000002 1.000000002 3.0
3.0 1.999999998 1.000000002
3.0 1.999999998 4.999999998
3.0 4.000000002 4.999999998
3.0 4.000000002 1.000000002
1.000000002 3.0 3.0
4.999999998 3.0 3.0
3.0 1.000000002 3.0
3.0 4.999999998 3.0
3.0 3.0 1.000000002
3.0 3.0 4.999999998
1.999999998 1.999999998 1.999999998
4.000000002 4.000000002 1.999999998
4.000000002 1.999999998 4.000000002
1.999999998 4.000000002 4.000000002
1.999999998 1.999999998 3.0
4.000000002 4.000000002 3.0
4.000000002 1.999999998 3.0
1.999999998 4.000000002 3.0
3.0 1.999999998 1.999999998
3.0 4.000000002 4.000000002
3.0 4.000000002 1.999999998
3.0 1.999999998 4.000000002
1.999999998 3.0 1.999999998
4.000000002 3.0 4.000000002
1.999999998 3.0 4.000000002
4.000000002 3.0 1.999999998
1.999999998 1.999999998 4.000000002
4.000000002 4.000000002 4.000000002
4.000000002 1.999999998 1.999999998
1.999999998 4.000000002 1.999999998
1.999999998 3.0 3.0
4.000000002 3.0 3.0
3.0 1.999999998 3.0
3.0 4.000000002 3.0
3.0 3.0 1.999999998
3.0 3.0 4.000000002
3.0 3.0 3.0
